9257
3761
3147
5088
3522
9171
6166
2212
4515
9827
130
3273
8034
6481
9996
1586
869
4351
9467
4264
5354
6631
5296
3328
8850
3141
735
2753
3434
4980
2634
2474
1010
9488
3903
9505
7975
6584
1550
1023
1003
7041
374
7544
8683
2033
9787
2393
665
6498
8075
8104
8953
7710
3905
845
7264
2347
7754
6273
1002
8668
281
7367
7007
5985
3917
94
6590
4560
5155
4584
7454
547
2707
7548
6038
4797
5067
7959
5863
5620
9971
7031
8813
2922
1289
3911
2843
9393
7001
8202
824
582
7632
457
7192
7208
1061
8934
1968
8532
796
5779
5555
5374
5533
5865
8640
7971
7643
2532
2338
4405
3655
2036
5453
3622
3158
6839
7281
5318
7268
7812
6574
1800
979
3125
8390
3887
5228
7193
8940
2211
2137
3562
2083
8110
9564
260
7705
9394
415
1696
2951
9769
107
6940
7740
5600
2121
2804
8038
9651
2102
7810
7928
7129
2174
47
3844
5396
7508
3818
6094
6226
4821
9813
4409
9147
5796
2028
4353
7707
5307
6266
6345
6818
8077
6258
4191
564
3597
8390
1769
3150
1468
7304
1259
9249
401
2015
6745
6404
847
6255
3563
9916
3383
4518
4813
5091
8938
1194
5581
8651
2354
2166
5222
4382
6484
7055
837
1306
2795
9717
6030
1344
9586
1815
8405
6924
1179
5689
6959
5770
2240
5396
2400
7842
3405
4163
8655
4782
1918
3384
3808
8466
9260
8321
1384
6236
3616
9361
2728
2047
5754
1315
6742
2133
5373
720
4478
200
759
9578
546
4544
8527
3837
9686
4377
5912
816
8680
517
1967
7282
9691
9072
7269
1938
1810
5665
9623
4768
6076
9815
9726
5518
8886
6520
9226
6224
6508
6967
5986
7953
7516
1358
7898
3031
6488
4018
4226
8098
6854
4724
603
345
4211
9037
8999
8614
5500
4526
14
2860
5576
7762
3604
7092
908
2487
8103
1177
4397
6905
3581
9012
2990
7535
6131
6051
1111
2953
6551
3469
9889
7204
8856
5705
4203
9294
8846
6235
8758
7000
9100
3970
5178
1770
9611
9792
6846
8791
3638
1068
5145
6946
2621
2075
6423
6293
7152
2131
4956
7115
9784
4903
4156
7682
1396
3621
2809
9066
2750
7818
2737
4442
5305
7009
8022
6581
807
6223
8140
3361
5895
7099
7970
5642
8965
9914
8818
4505
3232
8878
9199
307
6843
435
566
7515
2307
7842
7408
713
4114
3205
4642
2143
188
5900
3424
9697
8328
9063
1391
4671
4005
3539
8797
6293
6098
730
4484
747
8297
8846
5301
9701
1056
5429
389
958
8794
124
7155
7741
7459
4673
8147
509
8720
316
3569
5331
5357
8361
2698
6946
5831
5678
8194
2838
4528
9423
2223
5245
4792
8018
4018
9248
3856
273
1420
9070
9867
1996
6622
5179
858
7103
5466
3784
7982
6218
6094
7406
9499
3378
2469
3087
1784
5897
263
9224
8824
5509
481
4590
304
1618
2626
278
4844
2888
1770
1
6014
1847
2027
2721
3700
7145
1253
2112
7915
7806
1522
4755
1089
428
5526
2914
3926
3375
3196
6988
5990
2240
8240
5216
1246
9718
8331
1726
6207
3502
4251
6549
7588
9859
78
6531
4060
4619
3179
1816
933
6001
7539
4976
3798
7966
5463
9153
5161
9645
2517
393
6628
6542
9948
8244
6154
6893
4897
42
2581
7081
9108
5946
2737
9518
4032
4543
8472
7535
2641
8268
6002
876
3780
2430
7513
5113
6585
7921
219
3321
2711
8490
4094
8438
6409
1072
759
2340
8686
6565
1242
8641
4491
8556
2053
6584
6566
2715
2785
2604
5511
3045
987
821
5130
8788
1513
4272
8050
1905
812
1340
3482
8861
1736
7759
1881
5581
8196
4552
3181
4210
5452
774
3971
9243
7084
4612
210
8386
6530
4602
8230
2383
5904
1249
4854
4712
184
47
7124
3569
8613
9103
5976
6363
4217
402
9266
8695
471
5057
5499
9653
9434
1936
8335
6311
2002
1820
6473
73
9401
9373
8753
5791
3388
8602
3709
9646
5728
811
4548
7330
1029
6471
9628
3905
5807
7415
4940
9634
178
821
8728
7252
4094
9926
7010
1002
822
2313
9340
909
7039
9549
2631
1892
6241
2934
8572
3261
5312
3991
2387
8843
2949
5056
9540
4652
2491
4921
183
4816
1948
5546
8467
6448
7945
670
752
1616
6745
7610
6751
908
2553
2058
4411
928
6015
4874
1789
7841
9969
7221
4746
9405
8486
9364
1541
635
2483
9292
5922
7530
2723
6087
6782
4153
9843
3348
9535
1540
7003
8426
4181
1168
8941
8548
2522
9526
2774
8685
2943
1352
7986
5217
5476
9378
4198
1430
4245
8783
7739
3591
3806
5555
9518
960
1922
3643
6457
5595
9375
4718
2554
1554
6727
8258
9626
8164
8598
8944
7091
6921
5281
1220
2848
4940
1658
8866
3222
6293
8535
8607
4007
3645
6373
5777
762
3432
8488
9447
6021
6976
3565
7974
8412
5738
9490
1853
7587
5579
702
4557
6113
5062
1850
5261
1464
3867
2988
7670
6409
5962
4101
2816
8470
4188
6150
4039
6830
8722
7890
1057
3808
5792
8800
1830
680
7772
7602
8345
2378
3649
5751
8061
7670
7331
1909
3240
8270
5426
8788
8775
2995
295
4971
6785
5223
1124
2588
390
3857
4231
4233
2581
605
7826
5095
1586
6185
6175
7416
1556
3341
4784
7362
1671
2319
1697
868
1811
1860
3920
1791
6858
5248
4559
7549
3627
3720
5245
3806
1601
6228
9536
8938
9493
756
6331
7035
2618
6091
6479
9448
671
5065
2704
1404
4738
9730
6617
7054
9483
8430
6570
1643
2273
8171
421
7916
4386
2637
5793
5709
8403
3137
5653
5745
7150
7992
9414
4990
9712
4115
9348
9637
5466
643
7524
4641
4723
3425
712
4583
7816
4083
8871
2330
3884
7824
3155
4455
4177
5312
8941
8385
2905
2918
2341
8160
1240
2941
3541
587
3432
2945
984
9692
3532
5806
6248
501
4007
4221
8399
6435
7096
1967
6682
2892
8200
9951
8708
6570
3624
3654
5799
6901
5366
6389
5577
245
861
6593
7466
