5558
1824
7566
7274
7459
2586
632
3835
7303
1473
9411
2706
4246
4902
85
739
1423
2486
7975
2871
2833
77
9377
357
3730
151
3986
8110
6200
131
4789
7727
58
3594
7663
2983
4012
8119
2919
6612
7212
7034
364
9436
1110
9844
5976
6432
4525
6508
3324
9586
1280
4999
3574
4438
4821
6478
5724
8135
9426
239
3002
4316
3715
1869
6748
3314
25
9293
4358
6120
5496
3597
6544
5146
614
8060
1066
9867
9886
701
735
9553
4235
4079
7435
1904
2977
8387
677
7177
771
32
454
3758
7147
6162
308
8333
294
8575
7274
4029
6581
517
9067
1564
6554
8596
723
8711
5237
4447
5146
1644
4836
7169
5762
9347
651
4902
724
4359
1990
7459
1599
797
5069
8789
944
8837
3581
7953
1785
2301
3312
5555
3069
4451
7804
1003
6894
4300
8009
4816
6705
5673
3874
1147
3032
3024
5288
3879
4397
4209
3591
9846
8017
4272
9336
6912
338
5548
7599
3721
1200
845
7634
8659
6719
673
5143
4378
352
8347
6771
7950
4152
1524
3220
1423
2965
969
4316
4555
9823
3475
3188
1463
149
3456
9825
6004
889
4204
2718
4070
6153
6656
7654
5165
5522
1119
3730
3562
3594
1494
6364
5282
1664
3930
6910
6189
2287
9347
2658
3646
3621
913
2545
4628
8660
3803
9772
6711
1670
8109
5681
8540
3020
4845
3707
7540
8066
4972
7163
2864
435
8450
5918
2762
1473
8778
5092
457
3011
2422
1569
214
1729
7529
5862
1916
3664
1088
4541
1895
2439
7569
1543
2816
9958
2170
3583
9826
9237
3875
5895
8130
7284
2004
8449
9809
8649
7380
6367
6144
4842
7077
9627
532
8058
5215
7119
8663
8937
3197
9031
9069
5714
7392
8980
2466
546
4007
9512
1865
8879
8712
6032
4198
7550
7054
4438
7913
1734
5059
9781
5067
8912
5364
4777
8946
3668
3208
5218
5797
5992
4729
3944
683
2916
5579
7380
1634
8023
7660
8575
1706
8784
1871
8332
4957
6770
4453
6463
1322
5469
2831
9614
2808
3484
5190
6681
7720
3178
1014
844
7845
8036
6470
8300
4144
7714
5829
637
349
1466
9915
9055
7883
165
5450
3870
784
7036
9253
4803
2296
9855
355
158
5283
8836
8124
1498
4565
2738
2615
801
9309
3897
6506
4544
4218
897
645
954
4578
3104
711
9016
1477
5579
4040
8220
3528
1263
9032
5000
7762
1620
3587
6369
6687
5223
5372
2458
9625
5299
5471
8991
9780
1635
7146
5553
3818
8948
3757
2302
6464
2870
435
663
3543
6764
9095
77
6963
9494
104
3697
6088
3096
8474
6373
6431
1025
524
2043
22
8435
7782
8931
1284
7749
2838
8884
103
3599
8102
2178
2562
6316
3681
2910
2878
8724
7450
5222
1487
9324
9586
4248
6397
2153
6939
330
2638
3953
5739
6765
1066
3343
3564
9544
1466
5807
4314
2946
8483
3221
3989
5515
4500
1491
7505
2520
6715
3126
7252
8340
2977
1582
5147
948
9590
2848
9485
7228
1714
1789
4874
8306
3859
1714
5746
802
7216
4025
8864
5675
2719
3022
9186
4714
9047
5214
1659
6037
7383
3614
436
4735
4600
473
4401
2916
4255
7690
8896
2696
7468
5132
6047
1382
1452
5941
7480
1503
9369
4737
2490
6229
3743
1220
1446
9943
5484
9586
6043
6736
5483
8122
9549
1724
6417
2165
9922
2450
379
1068
8548
9735
8304
9888
5957
3008
8981
1022
3718
8499
5027
8284
4290
2495
9590
3991
2314
9530
6913
2720
4038
2504
5024
8204
2478
7457
7425
6377
9336
267
725
1892
596
414
563
4156
8378
3642
8415
3694
5505
2142
1661
3806
7047
8481
5576
7269
7053
2649
9051
5008
6115
7100
6138
1882
6124
549
8518
5680
3843
1386
6639
2054
7593
312
2132
5900
4686
8173
4684
1492
2065
7686
9138
4183
7342
7276
2821
7625
9039
3539
802
3327
8304
3407
2747
3356
9586
5031
5943
6244
7741
3891
4223
9988
3765
22
2902
353
3986
1182
3069
3038
9453
8424
3876
2193
1546
414
8176
5961
5916
9285
4291
167
855
7312
4147
7541
4153
5307
4150
7420
933
8359
6414
5926
8298
3524
6525
7387
754
3534
6965
3087
7621
2150
7738
710
7284
4374
2505
3146
784
8345
9480
7864
5526
1641
7368
1948
2577
1379
3362
691
5938
5926
5537
2650
6135
2713
6391
1317
207
8877
8133
3391
3431
6800
6680
6584
283
8165
3777
204
6841
5803
2869
1223
8122
5895
2829
3461
6113
3481
7759
4005
4911
9793
1834
3819
2548
5492
398
2812
1186
7104
9184
8025
6023
9343
1168
4446
9161
2580
2717
8108
6904
8763
9526
7934
5939
6585
5024
4353
3564
9251
7409
9444
5122
7788
5874
8181
9843
2717
297
2009
7612
3089
850
6778
3619
2452
207
9341
1150
8231
1547
3276
3922
5539
3623
356
8411
8655
5385
2032
9679
8298
731
7173
3684
3151
3989
1552
3262
8563
9626
862
8392
0
4635
7412
4545
6488
4810
5767
7469
6898
8261
3294
8597
9698
7626
6897
5941
6750
8593
9642
6295
4666
9783
2999
4527
2016
8618
1999
8613
4646
5501
9241
6734
8162
8135
8876
3357
8892
4480
5893
5471
6734
8149
5673
3341
2417
9130
6408
1879
7382
3412
4142
2695
5409
2724
9944
5901
1281
9413
1819
229
9626
6739
3308
7375
1996
659
1968
3950
6929
6986
2344
8688
9854
4792
4252
694
2354
9880
5464
1192
9364
1505
8523
3150
1884
4604
1503
9257
1370
2395
1025
9023
2826
4031
8893
9332
5895
2321
5376
9117
6462
9445
6803
6536
3219
3785
5125
9516
4752
5343
7460
6612
7331
4073
6291
110
4700
5360
2900
905
935
8537
4169
7013
9415
9882
9126
8435
7962
9006
677
7055
5308
4710
9188
2311
6037
7997
8051
8069
3531
9245
2025
8299
2827
8045
47
9166
2234
491
1448
2310
3601
2986
4654
4795
9136
4384
3151
7545
9277
4169
3467
6606
7354
7446
3284
2481
6001
5701
3101
9734
7491
6060
5490
3390
6993
9920
9651
2942
9959
7923
1861
6043
3973
8852
9618
3945
2601
7509
1280
5354
6044
8854
8775
2411
9677
2139
2041
8409
4538
9574
9590
3115
3492
5851
6211
3848
1528
2021
8263
4592
6085
9944
360
166
9839
1504
2362
9240
5633
5736
7535
8811
7573
4483
1431
5872
9305
1152
8804
7816
9829
7886
5051
5940
4507
367
1957
6853
9801
7392
8186
3429
8575
6676
2473
3248
9914
5733
6236
4986
2347
8741
1913
147
5971
2026
4871
222
8114
1105
2740
262
2946
1142
6323
19
536
907
3444
7337
9907
4738
3868
7282
2361
7984
8486
6492
6834
8359
6482
876
4640
6831
5527
20
336
8897
1181
799
735
7795
5840
341
896
790
9799
8097
932
5549
6600
562
6561
8888
2335
924
4663
9937
9541
7624
9217
5966
9227
3221
7810
1361
1247
1183
9121
6306
6951
4994
4911
6619
1536
2959
3600
5586
325
3458
7977
3562
5892
3118
6684
392
2661
2432
3336
5970
5289
9997
3509
1985
2250
1243
8937
7657
786
7203
6637
9999
5318
3911
2364
8523
5948
8273
1080
770
282
2328
1620
8792
6816
7885
3336
6642
5381
721
4039
1295
97
2829
4940
8053
8211
3604
3968
3180
7226
1556
9106
4958
4526
9779
811
5951
3951
3111
778
9909
786
5558
2042
7399
1158
7955
6033
8024
8425
8791
3146
6708
4701
353
681
6045
4104
7858
5690
5283
4126
7990
9840
9872
15
3107
7187
1397
5382
6099
4227
5010
5037
7164
9942
2701
6392
3643
9660
8346
8466
9308
9809
19
2490
2772
4156
9237
2372
6745
9227
3686
16
1216
3605
566
4090
5556
9802
8249
9005
5789
6003
5674
1380
6903
2638
2384
3696
8471
10
5893
8534
6480
3334
2296
7940
6644
4797
5679
9277
6349
5847
1075
2957
425
2717
5224
8592
1224
2825
5329
175
8324
1824
6108
9741
5341
6494
2329
3609
5202
8659
4555
3393
3695
6897
3782
4861
695
6914
5012
5194
8900
1887
7797
6111
9314
9778
9740
293
5973
2098
4237
4136
1385
9917
4851
7614
2136
9015
3390
2886
814
4992
7654
9539
6179
5619
4073
5999
863
8480
2061
4494
9755
345
2939
6011
5347
3959
7898
3634
8578
1213
9998
402
4467
4366
4994
3099
5803
598
3877
2430
3166
8038
306
8237
1594
3743
810
6837
4867
8913
1912
4909
7326
4598
831
2427
4429
4987
1463
8638
3387
8282
6980
6890
2825
8733
2151
9603
7895
8708
1862
3694
1309
7083
227
4105
906
8744
1656
1406
4858
6025
7881
7648
3607
1453
5840
6923
3421
8306
9307
5292
218
6633
8514
5427
2108
7999
140
198
5306
7686
3291
8140
8158
9028
8813
3913
7910
239
9706
5788
1897
6868
7866
5691
5906
5417
6401
3092
7762
3088
1240
9167
7559
6567
8614
7383
1022
9266
7847
1137
6278
1065
2560
5861
6455
5200
9182
9694
7761
2147
1050
1153
4676
3446
8246
1919
7299
6458
8293
2418
1455
7734
6529
6193
70
3583
1536
6510
6414
3531
1342
5154
1884
5174
3658
1546
7782
6384
1915
9250
372
2098
9678
928
5423
3519
8502
1531
5027
3719
6468
1628
7201
5528
9140
1030
5950
9032
9087
734
1265
8818
8157
3237
4295
8536
6852
5269
9042
7003
1989
1478
9321
6240
710
8503
4682
900
1009
5160
8148
9221
3547
3987
4700
5878
9548
2633
1178
8680
2382
7790
4297
1823
835
1757
8540
2164
5106
9216
5542
6532
7679
261
6531
9977
2228
588
5445
1327
4712
9210
3188
821
3857
9063
4321
4519
2444
7059
661
3444
7184
9733
873
1872
1057
1582
5375
3939
8897
8479
6013
832
2971
9286
2872
7849
3844
2911
599
795
2737
2683
4224
7167
3736
2364
6809
9670
9451
5166
6594
1073
1276
2606
2023
1947
3855
5186
7211
2216
8625
9319
2589
339
5288
9434
7364
8635
8327
7918
6996
8647
3826
7133
1358
4267
8679
2777
3351
9419
762
9431
443
9268
5230
2888
9667
3172
8228
5718
4338
6688
5702
5150
5851
5099
621
150
4132
9641
5823
5706
2730
6131
1759
3520
2725
8581
1611
7026
5637
6930
9803
302
3666
7562
3355
4948
1243
4827
5236
4351
2037
4476
8288
9401
9790
9253
5420
9005
3891
5335
6549
1576
9288
7843
7843
3318
9782
3362
1777
1787
6871
1735
606
2658
9511
337
5981
3648
2434
6400
3085
8186
3319
3584
7192
3416
854
7359
2431
4268
3184
3350
3045
5342
1616
2378
5681
892
7080
235
9330
3448
9243
9208
7771
3992
3175
8345
6523
8081
5219
3815
1692
7106
9112
8332
3341
1000
1260
6971
2721
3094
5184
2208
3945
6493
2405
5827
8955
5778
6069
9165
5094
9683
7137
1044
5971
3041
8537
295
8265
2160
3554
560
362
6096
7081
8112
2690
6831
7675
8466
4907
8885
8908
3839
2836
8706
9676
8852
334
7034
2605
7524
6352
7083
6621
3531
7173
3459
727
9292
38
4599
6756
4240
5918
1952
9407
6662
2704
9438
878
7219
7948
9185
3207
7336
3128
9952
8682
535
6424
1940
4553
2766
8686
9484
7918
9213
8133
3022
9528
9778
737
2920
9079
2043
6593
1435
1078
4914
1081
7359
2383
9613
8784
7962
3892
8329
6505
2812
1329
5914
6341
8661
1676
6380
2519
8749
2715
7492
6148
4236
1639
3338
9407
2945
7986
6965
1627
2044
4164
9501
3768
4415
9297
1682
7507
2313
9810
3283
9673
9725
6083
6012
7466
6622
3034
8217
9430
4500
2701
1388
5372
7890
9992
3794
2385
5132
6789
5183
1969
9024
3184
4199
2480
421
2870
2575
7217
8553
7608
9791
8648
2798
277
6107
88
8500
5924
9158
5717
2889
869
9474
7396
8105
8658
6106
6883
1268
1630
4290
5495
5123
3123
9669
1474
5907
551
8993
3878
1432
5697
4259
3102
8514
8878
5890
212
5371
1324
1954
5166
3387
1240
9286
2292
6270
3635
3441
2316
8192
5857
4051
2400
5855
7757
1537
8156
6466
3100
9650
8535
3776
4500
8595
2220
3298
941
5152
1994
1308
2508
5450
2513
3594
285
5351
138
8080
7538
7092
4695
9522
8496
5890
2119
7520
8801
3138
1540
8862
4344
6487
6382
4944
9441
7297
1721
7662
112
4295
8714
4688
1879
8639
8403
5749
1677
5860
1110
9527
5900
4408
1785
9283
622
6451
1743
2558
4380
3783
5070
6195
6058
9247
3224
7006
2552
1955
8360
3381
2715
4550
8995
9371
5044
6065
5919
5598
7935
5475
6155
5798
2794
392
3552
4730
4128
9767
7468
8424
3960
9806
597
5074
3551
6270
1990
7985
6528
7845
7436
3371
4944
1907
8410
2444
1
9424
8126
7710
5791
4574
7399
74
1214
4218
9028
5303
728
6306
2807
4458
1235
8196
6934
2086
8838
1220
7106
2292
4253
1786
6284
5708
9423
4331
1728
8429
4103
4559
4006
3822
2467
8098
6556
3482
5622
5331
1257
9944
3357
8779
4361
1095
6441
2790
7593
8138
998
9916
6701
9775
7330
8931
7523
6867
1673
4661
5522
3715
825
4824
1925
5443
3320
8222
5323
3645
3584
9496
1941
3833
2381
3068
8519
6203
3743
6678
6077
622
7330
7616
4935
3962
3024
720
3785
7127
5636
9735
8284
6610
3501
9446
2859
5441
4227
260
9591
6622
4705
5265
95
6775
578
6595
5115
7141
4464
5212
9467
6433
9305
3416
7090
6477
4747
2518
3175
303
8603
4764
8628
7208
3120
3462
9587
4192
7823
1939
733
6192
1934
8144
1203
9352
9536
9175
5027
8611
2415
8676
7692
1828
5601
5060
4120
9122
2211
8469
894
3957
1067
6646
7805
8959
3267
7920
9853
4358
523
3768
1463
1971
8621
7404
4426
5098
1707
5995
6201
4225
633
7575
3564
3664
2302
7482
2193
620
6619
1279
9438
3093
3220
2561
5660
6832
5046
8984
8833
4307
9748
38
3474
7585
7755
5201
7286
5612
9408
9035
6398
734
4803
5504
5744
4288
2576
1513
5301
2487
8164
4579
8946
2888
7362
8809
1250
5432
4515
6479
4572
1286
5010
3755
3982
3498
286
8341
8417
9373
4650
5413
4498
9596
7980
9280
1991
9629
275
6032
6309
6855
3428
1196
2472
271
1260
5887
8948
3923
214
4151
5116
8860
2585
4789
3531
7785
8972
4481
4377
3573
3595
4278
4552
5782
8124
1543
3929
4462
9549
880
6655
7760
4003
8758
6779
8171
7031
4733
5327
9269
3511
7453
2909
5415
5716
1332
4369
5774
3359
523
4159
3957
1087
1170
5708
1438
3114
2901
8843
4198
5961
2742
2721
7287
590
9736
1738
2101
9255
9532
87
9203
5519
7248
7454
2619
5373
6412
2648
6492
4501
129
6085
9620
530
5064
3550
1567
2941
6545
748
3394
9860
3931
9725
6814
5674
1896
2537
6435
472
3941
2486
4833
1451
5415
2052
3474
9258
5798
8974
6337
7028
5955
5583
9808
6988
6490
7005
4396
9373
7627
5821
8424
9712
998
1558
6352
8665
8655
4355
5404
3068
2914
7586
8162
3425
8960
6937
7392
6695
8580
7695
9147
7068
4506
4737
1151
4125
4088
1871
7948
1373
2127
5926
9455
2434
9640
5214
1888
7005
2598
7919
66
5663
8909
2112
400
8415
2061
487
5852
2880
9577
8631
9985
5685
6739
1918
9353
571
6436
6352
2561
6419
7357
4492
8863
7695
274
9872
5066
8238
6928
3972
3635
6294
3480
6876
1412
8195
224
5850
449
442
6959
5905
4527
189
1707
7804
5807
8956
5310
7000
4739
8961
448
3233
6939
2024
5272
9236
740
9918
1560
5158
681
4018
8035
8729
4874
9785
5598
9436
5058
9582
2691
2498
2915
8614
761
1061
8827
9649
9227
2270
7599
3519
6981
6910
6769
6485
5700
51
9495
1725
485
2607
3884
9194
3469
6808
3745
7272
6241
5925
1875
3765
7190
3562
1190
3241
4893
2752
8063
2058
3588
4276
4325
9753
1006
9703
5271
2260
5969
5822
4198
3590
7758
2589
1847
1623
602
3137
4772
5691
7430
768
278
218
3919
4481
4538
9923
3564
9278
5220
920
3988
5245
2926
7785
4283
8276
7809
6457
8723
3705
2290
3959
2120
8231
243
7378
4215
7989
7123
6567
2250
6483
6686
1692
6767
6686
4128
2817
227
9482
414
8366
5513
745
377
2275
9561
7998
2154
8762
8151
8857
8387
8630
3451
667
7305
6326
675
3257
2178
4511
6071
3407
2706
8802
877
1517
4397
9873
5493
8166
3353
4261
6364
4287
9353
6576
7767
8790
9209
5666
5901
2050
1486
9577
1312
2784
8705
8272
3093
8590
1583
3685
6085
9165
8810
3325
6970
6479
6828
9865
3785
6109
9114
7879
4111
7617
9911
4304
1652
9992
4842
5804
4279
8793
7023
9570
2573
586
8417
5545
6247
4193
784
331
2423
3210
2899
3201
6155
270
94
6224
7124
7804
9683
4320
801
5402
689
9400
9627
1060
1215
3382
1475
9255
7837
2825
5962
4838
4873
5437
2518
2920
6368
8395
4482
9507
3331
2266
2163
2314
7526
2017
3350
7897
8560
165
3621
4720
7453
4521
2493
8899
1169
5687
8089
8175
4254
4038
2291
582
7870
382
2944
6753
6980
4125
1004
3853
4913
1804
930
8755
2618
9577
8024
3910
9257
4401
6138
2855
6597
9585
1755
907
9597
5175
2923
6075
1587
8393
814
1297
3475
8774
7895
7671
6358
8950
1605
7503
5736
268
9370
6215
2757
6411
3800
7
5190
1589
8786
1717
5006
3559
9464
1529
8654
4404
6530
2781
4871
2897
6369
7672
8258
4298
2701
2693
7603
3701
5289
3397
6994
3909
7905
4096
3792
2139
3950
8968
8966
6607
5857
7073
5671
8366
7943
8318
488
4429
6300
2819
2021
6688
7387
9618
1686
8365
4975
6768
3541
6156
7682
1066
3920
9338
6502
8267
7446
6824
4924
8055
8623
6142
3049
67
7283
7883
3732
8289
3557
9852
7533
2477
1066
3157
9241
2682
3520
8830
884
2216
7762
1732
7468
3392
6106
1160
7839
9880
4960
7735
6845
4046
1212
3340
2607
2943
7728
2544
5979
2478
5867
4986
9841
3541
6217
8465
9471
9274
8259
798
3835
266
7776
3424
7829
747
6220
937
8732
5202
4037
6567
6934
7792
1809
6538
7563
8107
2055
189
474
6890
5301
5589
8101
1651
3934
5255
7961
9651
8116
2562
1153
7106
6458
7653
1864
353
5075
6151
8875
1550
366
4550
4439
1420
9065
1125
7430
9244
6171
2369
3373
9502
3871
8706
4469
4556
6536
1634
1480
8675
8190
7204
3237
4758
6248
3091
1362
4849
7924
1989
797
3866
3816
2565
5331
4364
3182
9927
3723
3227
7713
9251
9855
5999
1602
4299
7772
4387
7593
7748
7909
4340
5603
9475
625
3277
8931
7445
1797
4651
6574
3479
8066
2066
878
4951
4668
8611
7731
6800
4478
392
2368
1358
1134
2421
6404
55
3489
2987
8671
2321
6665
7276
6755
2344
8784
9697
8990
8269
223
2370
6552
6752
3105
9224
4020
8008
175
7808
419
1919
9860
8741
8193
2025
8447
3895
5680
6945
7676
7358
7042
6313
4558
2974
6413
1816
1164
1664
7025
4785
4540
2089
1629
3642
5865
2383
5927
4216
6975
3162
7894
9833
2857
6358
1183
2326
8129
9413
3806
3239
8579
7583
4052
1481
242
5690
9595
7267
4205
3676
4170
3684
7201
3936
6586
9397
2239
7561
5400
1261
7374
4377
8797
5000
2911
5831
1325
5295
1966
5622
2367
3825
2128
2043
6740
7875
4402
9779
4016
960
648
2789
9109
9651
8231
1057
6562
4989
2728
4048
9865
8131
1926
3274
9887
7241
3005
4859
9120
6090
6552
3041
4374
2353
8825
8788
9583
6355
123
488
1632
3348
2142
6935
4927
5434
8003
2638
4135
543
6769
2872
8139
5229
9095
5613
8092
8474
2814
5025
7259
4744
8421
1370
3607
5042
5442
7296
1971
6073
3225
9431
3092
8169
464
1786
2998
7334
4625
1106
7101
6466
5064
9145
2099
1312
8750
9845
8823
1376
3716
3755
9715
1113
1315
2177
1692
2009
7702
4802
7878
9567
3538
9426
4018
6717
7516
5566
7658
6264
2958
5563
4585
1400
9755
955
7586
7679
8788
3912
7282
9110
193
9089
3784
9166
7830
6713
4326
5621
8274
3434
373
1071
949
496
2766
2599
8586
1716
6034
1991
1839
6290
51
2473
294
1923
1241
7375
1053
4464
4079
4268
3336
6095
623
3522
3523
8903
7501
1814
6250
478
7610
4980
8475
6156
3997
2317
2109
8493
7953
1989
6453
159
4123
5134
9667
9314
6008
9116
2556
9433
3853
5614
1235
7989
8168
6853
1806
8822
668
203
6805
5149
8632
5621
2480
4488
1318
670
6322
6847
5530
6226
1972
1754
6947
8592
2657
9529
5290
3179
1455
498
5664
4969
3208
8279
7681
7494
6714
1081
3144
1771
3700
6712
6296
1059
7170
3635
9750
2304
2492
1646
7109
3506
5655
7818
7826
393
9733
9847
3606
9132
1482
5667
6819
1397
7771
5803
372
7652
270
2457
1404
2328
5619
4213
1953
2590
8741
9776
2402
2615
4504
9645
2296
8768
6929
728
4758
246
55
3
3661
6577
3664
6074
7212
9641
8378
3504
2394
4879
2947
4318
5244
8187
2245
1344
4033
9532
233
9972
9159
2739
4819
412
8584
1909
8468
4485
721
3487
2851
4788
9627
8436
8034
6333
8598
2274
5953
8348
9821
7641
3003
2241
3672
7859
8501
550
7583
8614
8755
1322
5694
3846
7855
9630
898
9578
9200
3016
7471
8957
7322
3610
6714
9294
7039
9985
3941
9464
4513
2533
3507
2877
7133
5124
1454
4098
3962
6904
9521
5241
884
6278
8695
5885
6380
44
3022
568
1635
5647
151
7734
9697
3948
2548
5958
8110
1923
4806
8339
3268
1543
8566
2592
6688
4854
5084
8553
5963
7373
7603
2806
5543
8623
122
1978
144
9248
3957
6091
8195
2031
7228
414
424
4021
2180
3266
6233
6180
5254
6289
8885
4968
5202
946
1926
827
4475
489
6254
3741
5677
1888
9436
4285
1766
6391
407
1180
258
9377
6937
6470
4247
6302
1730
2228
1529
7973
8801
4614
478
1736
7993
4743
9610
7396
1979
7736
5038
7582
7327
4225
6228
7612
9830
9739
188
8049
2851
8579
7643
6012
5954
5058
252
9298
4992
1172
3129
3495
4262
7409
6978
2338
1612
1170
8908
5712
5294
8171
668
8861
9078
8075
474
3009
1047
6040
1810
377
4067
4791
7190
2390
3731
4800
9884
3250
4366
4565
2823
3096
8141
1929
9905
1218
9398
2368
2418
4659
6323
9619
6047
6511
1653
9057
8142
8152
5213
2749
4655
5931
5549
2564
5086
8876
5097
77
730
9733
9063
9980
3998
9858
1668
4075
9339
8573
6552
8696
5309
9249
4290
1235
6357
5174
247
2399
163
1707
6761
4593
9124
7193
4091
9723
9207
8564
8433
1365
1362
8602
5486
2314
2158
6514
6248
7913
450
1743
9770
9357
3434
3147
1936
3869
8698
9288
8326
4221
5918
4484
227
6188
7988
1503
4724
8030
4694
5462
4596
9115
5730
3774
3260
3648
463
5539
3560
7186
1378
3081
9078
1084
4964
6325
3642
4273
5067
2935
9057
4283
4124
7452
6096
6927
4501
3026
3360
2186
8682
7394
5619
1397
1210
7537
9623
3739
4772
6628
8097
6695
5407
8012
7868
6449
8921
3053
3984
8947
5610
3272
3312
2461
3685
8936
891
3040
7307
8787
1321
440
5026
9774
1044
5439
3316
4399
4430
392
3839
2929
9558
35
9334
3216
9175
2977
5346
1557
1203
4486
7800
3148
7093
9333
9629
3272
9902
4295
377
6292
4959
6259
7992
9218
4010
566
7898
5606
934
1977
893
9135
6919
8067
9653
7196
8557
9808
5672
3139
1380
6907
1148
6562
3138
8224
6487
2560
5350
6394
785
7001
2266
7696
8681
2275
5752
8029
554
2074
7042
4778
5102
9350
5468
4570
8327
2022
4803
177
3001
7180
2331
2440
3486
9122
2761
1852
4496
4304
5205
3983
1727
7457
7044
1270
1604
1060
5500
6806
7413
5625
9614
3704
7162
7868
3864
6479
4806
4330
4871
6815
8939
1636
925
977
4040
4480
3867
5769
6402
8429
4492
8277
8735
3171
5977
7140
2104
2057
3969
4541
8316
9494
9480
1264
1814
1313
790
9738
5190
8488
8402
4030
5627
9159
6464
6957
5017
3772
9058
7337
5858
7329
5446
2030
9119
3577
2656
5587
249
6349
1843
9863
494
6620
3204
9592
1670
5869
7093
8814
5368
3653
5999
6110
5653
1144
6006
8104
33
5245
8782
2324
8239
9924
8109
2214
5977
1446
4496
4958
8654
1663
9795
4388
7240
3474
7729
1009
1418
111
3116
2064
8737
1944
2069
9261
1438
5774
6218
4325
3201
4221
7306
2738
5521
820
1078
1741
8779
3583
7488
2815
1599
8103
3637
2419
2331
1783
6208
9091
3306
1963
7554
8771
8997
2613
6659
9720
1477
4560
2213
4116
7332
7954
9121
903
2534
8525
791
1670
6012
847
3162
4959
1704
9264
4594
308
8904
8268
40
7218
3551
4218
3353
4919
3561
4786
1768
5686
9089
339
2304
6746
3126
6493
286
183
5468
7535
9543
1897
5917
2728
6062
2080
9852
8358
1516
5031
2145
1057
3825
1012
2944
5798
3846
893
9245
6105
819
7215
2021
4182
9020
8157
870
1868
5
5201
8523
8516
3424
2307
7038
2410
5571
3881
1795
8408
237
9324
4558
1900
3526
4537
2672
370
9183
4430
4145
7172
3646
2712
2685
2405
4045
3898
4782
9341
8457
6022
6532
5901
7342
4890
7312
1267
2429
6165
1742
1293
6065
6107
1612
665
5566
1771
1871
6500
2769
5824
409
4235
9059
9687
8013
7783
992
7507
3759
8610
1343
9913
1364
6989
9836
7125
952
2188
8671
3593
8961
1828
6339
3632
3023
9059
3261
8848
1239
5520
1968
2550
5051
7959
1633
1403
2276
379
3883
6091
1756
1813
1605
8694
2725
8512
7474
5088
4072
4862
1764
4196
2379
3707
3115
1821
379
2670
2155
1222
4383
4444
781
6463
4442
6993
138
6019
9011
4315
8900
6483
3150
2320
9595
1768
4525
8536
9974
2897
7076
3604
4200
2923
7755
2187
6639
7534
362
1793
7509
4882
2694
3886
7654
8742
7472
2453
7233
4672
899
6069
9697
4489
8497
4984
1424
6123
3594
5700
2127
6423
3983
9304
4051
4870
716
1299
8223
3294
1423
7794
7723
6008
7490
3662
7157
2575
1499
5292
2284
4632
4957
3671
6822
8487
3161
6062
9617
7582
1982
5848
8756
1603
806
9208
1953
2526
8967
3885
3513
7047
2333
5071
6010
8402
2689
2657
7418
9118
9877
6835
8369
3054
8761
9170
1761
8634
7664
3621
2278
4151
5108
1493
7969
1227
2777
4555
8688
2356
4615
5195
8719
1531
5729
8108
9515
1092
4504
3802
1943
6963
7314
7724
9228
485
6470
5394
3630
193
5502
800
6448
7338
2524
1448
6213
8536
2328
2348
9497
100
9967
1304
19
9495
1473
6402
9426
618
5538
8169
5564
2337
9278
121
8862
9963
4978
9202
8999
6883
7554
3231
1996
6775
4162
6211
4894
5380
5692
3562
4148
5329
2351
9357
8027
4800
463
4248
7687
2702
4352
6307
1443
2409
2663
2586
3881
6531
8653
4330
7146
7909
7450
8712
7895
7964
7614
3337
2661
3918
9261
6452
1580
8864
6532
7268
7656
724
9353
7799
6566
6540
7488
9789
2970
5662
5173
4674
2307
9942
719
3002
1495
1776
2887
4088
774
5098
4023
2191
3042
6026
1580
7650
5296
8763
7895
9202
6208
1860
686
3781
5956
5070
95
2698
3863
9105
7455
9650
1056
4191
1795
2435
4416
3908
460
9123
2591
4486
816
8672
8921
1390
5513
8939
128
2466
9417
6474
8341
2217
776
3026
6019
693
4021
6857
774
855
6777
870
5213
8897
749
5397
2133
8643
2183
2136
8486
2656
2587
2131
7413
7208
1567
8643
4706
3051
431
7142
3464
2866
9232
6218
7293
3922
8510
3464
3153
6883
8380
2703
7004
6585
2769
5807
2056
7019
6600
7738
8965
9794
7517
5350
4229
7320
5294
7549
4339
5314
7491
2752
8100
6492
1008
8064
7333
9434
4760
3293
8085
7165
6175
8548
7202
3406
8738
2188
3993
2650
4312
9387
7653
4377
5525
1793
8222
6672
9569
1435
2353
9700
9980
3614
4002
7141
6891
2366
4460
1334
4495
3732
8641
8830
9144
1727
7919
3261
2623
7802
75
8119
1219
758
8316
9117
1491
2190
4958
1994
516
3586
8576
3098
7623
3095
3438
9728
4217
1568
9805
9654
189
1266
4236
7757
4422
2854
1272
6276
6578
621
6058
5335
9977
8143
4949
1038
1255
5255
567
5108
7102
1231
9395
8632
6487
3949
3123
2027
4030
9550
4753
5765
7584
8275
1169
7793
8652
6336
7281
5942
2339
9406
8012
7056
2326
9854
1169
3072
4684
7685
690
4641
1790
338
7650
295
9301
7779
4170
653
5582
2498
7158
8993
5154
1028
4739
54
7826
1148
5082
5195
5420
913
3340
783
6417
5958
9995
6977
501
9686
8685
9481
2657
354
5061
2016
5145
4822
5781
8306
4638
3264
2587
3671
2241
9559
1886
7523
2346
5090
118
8176
5913
381
3227
3690
8543
3929
2448
285
46
8501
4418
4850
4036
1230
6557
2603
4314
2534
9145
7534
4918
5515
7527
1615
1185
879
1252
5099
4680
9803
3626
5113
2108
3768
6865
1576
5528
9647
6429
3195
8304
4298
7116
7024
2801
5992
6801
7124
122
7388
8491
7240
7458
2530
7944
9523
4719
7240
3149
3785
8524
958
5816
6245
1090
2801
3963
746
273
9228
779
3911
40
8275
3395
8908
2045
622
776
4031
2698
9511
5177
3654
8146
8322
1325
429
2519
415
4338
1914
6674
9259
3835
9279
2502
5362
7877
3903
8203
3821
3908
4873
4382
4418
8908
8549
8904
8118
8290
2748
8500
5850
4521
6257
3151
1045
1794
1825
4908
3676
5821
6060
471
9574
8300
5037
9084
9992
8656
9954
9741
650
9808
9581
7579
8008
7172
9142
1696
8546
3705
657
6851
8131
1006
3579
7320
2494
4726
5459
1480
259
3011
4079
2388
574
7218
8887
5823
2669
2268
180
1780
1004
2835
6138
1240
9832
9803
3014
4195
5398
4241
4582
1428
8624
3389
5351
2607
221
8636
6329
1869
7368
8318
5140
9733
8649
2632
8783
9285
4243
750
5096
476
3773
5177
8073
5895
4662
3592
6627
9203
5522
948
5136
2521
2021
7783
1218
4760
9775
5043
3117
2390
7643
9293
4194
9770
9008
1070
448
492
7585
1134
9718
2247
2952
6916
9643
3539
9168
3349
2960
8591
9256
221
5314
6025
9923
4242
2609
733
3392
1730
5408
1645
9686
5296
1493
9647
9256
791
3917
6643
8118
6974
2583
3463
9227
6299
2974
1866
5251
5208
6321
8552
27
2483
3870
7746
8944
3654
8122
7926
211
8163
491
3669
4169
5500
2032
7924
322
2111
7887
472
4478
2015
7380
120
2297
2358
3746
1026
1898
539
686
5057
2601
6872
3965
2522
506
5127
7904
3859
5487
3419
7818
3005
6445
4659
5559
6836
6123
4017
9934
8650
2818
8915
8108
2592
8442
6463
1260
390
4858
6229
4705
8155
5179
5951
2059
6177
8547
883
6461
4294
9139
4745
9739
7973
9924
7846
6664
4016
4016
970
6573
201
9031
3908
4530
7971
981
1818
653
1888
876
1475
3324
3999
8758
9194
1572
7269
8423
12
4164
9945
6822
2056
3496
1996
5972
4287
1132
2824
7109
2196
800
446
2563
3032
1197
6124
4623
4666
2207
7386
1012
8250
4498
2712
6399
1718
7043
4827
5781
2457
1594
9938
5888
1019
7465
4928
6567
1873
5308
7024
3970
7445
4983
6578
5444
1845
5769
3274
9868
1540
9034
5624
3632
5702
1758
9054
435
6201
6763
5388
4650
2512
2908
6120
5244
2334
6515
5395
5707
4702
5121
5560
1672
877
8354
9943
6893
3074
4444
312
7837
8108
3637
3437
9862
6319
4373
6865
2184
7970
4872
3510
3292
4619
3144
2790
1480
7040
8145
5547
1303
9377
7794
8895
4842
6047
6367
6694
1047
3250
9473
9613
2364
1854
6305
7292
5515
336
8739
1569
3255
5992
3815
2563
4184
2888
4281
6926
6790
6550
3808
276
9062
1328
8311
7508
5485
9341
2909
374
7938
282
8140
3033
2446
3847
2466
3483
146
6280
8778
7179
8486
260
1701
1629
8445
4361
9278
1958
8565
4851
5568
6719
5915
9692
1900
1898
5291
8885
5310
9056
2948
48
1930
2399
6227
2293
2745
2931
9824
9056
315
5204
4344
4282
9310
6146
3541
6755
862
307
3197
9421
9154
2887
7837
6807
4972
966
5052
1365
3660
1269
1179
4765
3150
2948
2148
7331
6034
8405
3299
2632
1748
135
3035
866
6393
403
8927
5393
3485
934
5401
8969
9088
6051
1732
7971
4110
8652
8497
7180
7015
6569
1761
7483
2306
5215
4075
8777
1585
7687
7649
6982
1077
9159
6733
6755
4447
9842
3444
6973
5956
1970
8534
2590
1375
9064
9048
2921
9625
1411
3498
9834
3672
5376
8026
9931
8793
4925
6941
3472
1358
6057
1008
6413
5505
5785
333
363
5515
2583
4261
4868
3647
1147
9947
4607
7550
6837
3976
4876
2987
2049
6405
583
3794
1119
8146
9902
6959
1542
9532
1384
6739
7668
1987
5089
1354
1610
1877
8507
8835
3965
4385
1234
448
185
2042
4649
9809
1785
1237
1059
9531
3572
3768
3404
7126
9367
4778
7125
461
2090
1455
5329
1342
4187
6207
6875
272
9610
6349
6503
8157
4712
4924
759
5119
3089
1750
5266
2959
349
7499
5591
9728
4030
7508
4660
2608
8815
7039
7301
3361
2293
5382
1028
8124
9037
8200
3968
2035
5602
6397
5328
2874
8181
3964
1862
8976
8917
2075
1745
9450
7442
6412
9958
1846
5693
9865
4897
216
1209
981
1557
6299
43
9461
9024
9073
7664
2309
7437
2704
7061
3021
3381
5211
9393
7597
7701
7206
5336
1073
949
6038
8143
5401
3583
3904
4809
5284
7442
1194
7929
9477
1853
1304
168
4859
8676
4978
7118
6775
6532
4591
9815
3858
5398
1473
6537
4698
8991
6472
598
6601
5921
8315
6630
249
7103
8187
5447
1557
6512
3239
4348
8556
9861
5289
2207
3753
5612
6621
8327
440
2221
6085
3559
2434
7074
1883
1198
4367
9066
5400
5540
2484
4247
448
3443
4844
588
6350
4597
2345
2215
3101
4281
1471
2212
9906
1864
8894
1541
2672
9038
184
2516
7323
107
9917
7452
6766
6868
722
2660
7841
3641
7189
7362
2659
4840
214
7129
9090
3254
2014
7028
189
4515
8542
2571
1210
9374
6688
1307
9354
6573
301
369
5864
5969
9720
2462
7595
1139
4359
6753
258
3704
3554
9798
7531
7554
7669
9937
9338
7897
6607
4208
5360
766
5502
6081
7175
2958
1437
4906
8859
7678
7522
6645
7358
9982
347
2276
1000
145
9678
9872
1599
8660
8934
5250
7353
6043
5868
4081
6575
4784
4826
5345
7018
3977
1523
9334
5969
4258
3169
9746
6384
4112
531
5325
5018
7037
6126
2065
3749
2111
2276
2020
9934
8173
3125
449
8815
270
7200
8435
502
9317
1564
4988
8129
6072
5764
4433
6502
8818
5823
2173
8302
9022
3323
8096
541
8979
4955
245
2522
9969
5780
1189
5403
6135
6696
63
8096
5768
7947
9795
8635
6163
8385
487
7888
7297
7633
8689
5459
5319
7510
4161
1328
3957
1009
7805
479
9065
8599
196
767
7507
7278
5766
9127
7869
274
2348
7327
7144
3418
8759
1334
1775
1736
1250
7660
1421
4326
431
7108
6081
497
4324
3579
7105
922
9228
3427
8366
6795
2647
8681
8777
6320
7533
686
7331
1557
2547
8152
8820
3390
8348
4687
2015
9997
9830
4169
9004
3040
8582
2179
5281
3620
2957
3316
5744
3968
8104
2694
7290
3514
6435
9409
9997
3466
8012
7557
1535
5070
7515
1304
6406
2482
9919
7213
5745
4942
3668
1263
7324
1265
969
2279
6390
5467
6597
4610
3866
845
7467
9070
1961
1025
2396
6924
7355
5100
7157
2482
3981
8660
6826
1716
1537
8605
386
9346
9373
7859
1369
2038
5485
9747
7417
2631
162
9424
1795
6745
6361
6360
4634
5993
8479
2815
5029
9731
4652
8469
1756
49
8596
3698
195
5284
7205
7054
5013
2821
253
216
7838
1612
8844
2592
4544
5066
4183
1224
7952
5396
9724
5691
7399
4961
1552
9772
4279
5025
4627
2952
4375
4704
4694
9202
4953
7369
82
5445
4186
6809
2812
7738
9512
2481
8193
2801
4192
7485
5880
5326
411
5478
9830
3165
3820
1814
968
2174
9858
1740
4383
1964
158
2871
2668
2416
6901
7779
919
3099
2599
5656
787
2576
372
9968
2785
6605
9856
2061
3050
3689
7173
8538
3006
1369
6232
5885
9022
4594
5068
1669
1161
1921
8952
133
5054
9082
5632
9547
9923
5922
2200
9946
6120
2014
8438
5868
562
1029
464
801
5220
1872
8313
470
5010
63
4085
23
111
7039
7787
9060
4056
5284
8386
4932
1610
6490
8513
1097
7977
751
6859
5275
8970
2075
6401
9382
6974
5785
7723
5482
8000
9557
2581
4308
4942
213
5986
1000
8612
1270
519
6158
6173
9292
3818
4334
6140
5215
4776
4656
6973
8883
4274
1942
4378
7853
4181
9587
5730
5303
1182
7923
5180
8234
7025
4025
1310
1716
2271
1671
3514
6847
3143
5960
6634
4332
4041
6281
7578
7433
2626
2830
2276
8597
9287
860
4162
1102
4751
4145
7083
1818
3459
9507
493
8807
3847
8061
6687
5824
7842
6661
9964
7746
166
6086
3428
5109
17
1768
2878
8533
9407
3910
3859
668
2442
399
3128
3253
6337
9178
7886
4737
5716
9510
4643
3844
2728
6276
452
2318
4781
310
3602
6239
3226
4585
3394
7446
1126
7892
2427
5304
9826
5494
6285
6758
1038
7714
8002
8370
6293
956
6457
8722
5214
9454
1070
7801
481
9890
8951
9930
4350
675
1248
7514
2491
2812
7862
7180
599
5819
4104
4724
8633
431
2657
368
1419
6990
7063
7651
6402
8408
7100
8438
1002
9044
2946
9370
6461
7335
8659
4495
371
9026
9361
9219
8015
3406
5145
9699
342
9587
478
8692
4773
7311
2723
6048
1171
4146
9066
2918
1284
8464
6042
1113
4154
4311
1742
2642
6584
1002
27
6029
561
3622
6859
7555
9041
2147
3443
4110
1535
4305
4447
9829
3601
3935
9292
9774
2316
1268
4716
3174
6969
6336
7902
99
357
4755
7802
2683
9881
1587
8862
102
4051
1557
6655
9064
7925
7565
3047
985
7473
9321
4875
2967
6548
6352
5478
5781
7514
8354
1004
2827
8919
9763
3134
5365
723
1466
253
3904
3602
6362
5589
4102
8997
786
5337
3732
2957
1342
2725
1192
4435
4109
341
498
5043
3450
6157
6232
9110
6579
4647
9590
6161
9831
6783
1667
5090
7962
4250
7998
9111
9804
3947
6652
1360
6211
2048
9079
7705
1329
8832
7145
2541
6705
7740
7745
7929
3536
4491
4378
7267
3611
5373
1551
4945
1188
1225
3505
4645
8382
3902
2525
2075
2166
4117
8489
6102
6253
2293
3092
5032
4287
8426
9215
6755
2954
812
5221
8155
7009
4106
5154
3090
7196
1316
7948
1174
1974
7109
8549
8162
3126
2908
1813
6485
636
734
7603
764
4936
8538
3491
3172
5850
4809
3313
8853
1553
9233
3854
6575
2579
8067
2820
6094
7116
1943
6673
1315
3320
9630
1930
6321
8202
6316
8037
9395
4633
370
6052
3049
1522
3240
6358
5362
9946
6698
8864
8036
6485
6519
7793
3231
351
2694
2137
3560
155
5828
8847
6677
4597
1431
3269
3848
5038
4015
5002
7819
5022
8332
7032
7130
3612
4947
913
6550
4168
6597
5663
6080
5721
5577
7491
6259
3356
806
3978
6666
7507
6399
2383
8225
1078
5936
471
7670
9337
4667
6293
9049
479
5413
170
5550
2012
2180
6421
3083
1777
8245
666
937
9768
2196
4769
4356
2189
8969
2497
835
6176
7499
8192
6957
5378
308
5111
6071
5121
5303
1284
3442
8126
962
8669
8275
5290
767
3163
751
9274
8181
7103
3282
9875
9415
6197
9681
217
5395
1710
6743
6244
1146
8555
1025
9790
5662
1637
1289
7699
7673
9862
2881
1496
1533
2690
2688
7938
3269
4657
5975
5975
4846
6947
4693
1341
1984
3164
7052
6242
9501
2666
7479
6414
4713
8043
9330
2444
1440
5485
5881
2774
2251
3773
2872
9297
7705
6325
47
4800
6325
4463
6744
9414
414
9945
9652
4266
7495
2805
7307
8165
1493
6385
3950
4414
9609
9183
257
2201
3704
2906
597
3673
8126
7951
3698
5132
3781
212
8992
5042
8057
3191
3936
8781
231
3705
8563
1651
8189
3121
4612
6553
6967
2887
4883
3891
8112
2176
2374
6465
1014
5731
3440
7054
5652
6807
1903
2540
6363
9025
7179
4962
2970
3831
9204
3033
8848
2068
981
1831
8520
4026
6258
9985
6195
3748
2793
83
9995
6194
7456
5087
4747
2236
5658
8227
4015
8184
7060
7622
1424
2557
8002
2821
9368
2714
4136
7666
9956
4839
8001
3418
5319
9586
80
906
6078
3672
3503
1136
784
4371
1188
7368
1534
3835
7578
6067
9578
8627
1923
5212
4091
7906
347
5239
6973
2481
430
2527
4748
9440
6735
534
6653
2593
391
2818
7683
447
2634
3059
1147
2659
7260
9425
3163
7259
5700
8618
9806
1831
5854
656
222
847
5859
4650
3394
6710
2140
9288
8221
2897
3368
9087
1939
5492
6400
3392
7410
6144
6842
8868
7775
8967
7350
8396
7123
5551
6594
3066
4157
6281
2789
3590
5265
3003
6875
8398
2653
7242
8610
8883
3467
3062
9369
3858
8593
4752
5443
5665
5496
6632
7039
8198
9541
9471
468
2813
4668
5034
725
9010
6283
8033
7644
3916
8153
7420
6921
1153
3679
6624
8225
7116
2512
2442
6337
6904
9296
6498
2527
8113
1246
6722
9603
1332
2580
7430
2437
4702
5841
108
3675
8981
1885
1819
548
3483
8683
2990
5674
5336
3642
2886
8308
5233
4320
1632
2188
8984
6517
2340
8868
6444
2525
6871
542
6851
7267
2838
7923
9040
6558
707
2356
4573
7826
2884
5138
1123
9189
3539
8255
7273
8709
586
2274
6088
9425
4926
3717
6648
208
4993
2732
9081
446
4615
7988
1570
5742
6468
7690
3989
7009
6582
6901
1421
5824
4886
5221
3001
5945
8846
4408
6408
7156
4856
8318
1191
1538
1791
7026
3641
2073
8709
727
2909
3289
447
9436
1356
2846
1100
6545
7318
2775
1525
8226
2728
7483
7798
3400
4938
8024
4724
3184
5358
6946
995
9682
3639
1879
9353
774
3159
559
7313
4166
5613
1566
6596
7845
418
9936
3632
8474
4084
354
7656
2873
2279
7189
5370
3526
7465
6268
8590
1996
3970
9743
3273
3171
9177
6523
8256
747
1910
8478
9352
3166
9597
6606
4951
2941
4466
6771
5504
1792
8312
1567
8309
3476
9129
9802
2872
8983
9239
4284
8765
5435
6999
6673
5750
1113
6182
7627
1326
3414
8870
6554
3206
1224
206
4205
2949
2470
164
5870
1504
7738
5643
552
5767
1297
2168
56
4870
9079
9328
3703
6627
5006
4906
2982
9576
5912
4771
461
4777
7840
5751
3142
8689
1683
1970
1912
7188
2221
7091
4629
2796
4397
2958
2334
5133
9813
3464
8128
5320
1710
9691
1893
617
3729
9162
5807
1969
2905
1538
8687
8199
5383
6723
6446
216
1594
3056
2683
7715
5017
2452
7912
5117
9675
8104
4771
1647
4765
9070
5171
7943
9424
3114
4691
5549
6934
3186
5422
8945
293
9391
1697
760
68
4192
1270
5601
5304
1697
875
1749
189
3666
1874
9481
4743
6706
5239
3893
883
7521
309
869
3457
3340
1121
6523
5141
3770
5901
946
9726
7754
3707
8604
7152
1584
3879
9903
2617
7372
7851
8923
8938
5691
6016
2864
1020
1591
3845
6772
3866
8165
7354
2154
8175
2953
3979
8528
2697
5581
5683
294
7167
4348
1340
5312
1264
5615
8258
4181
4586
645
640
1221
8682
9202
2120
7778
5708
1385
8636
5269
7978
6030
7752
1541
7224
3884
4941
6103
4807
1136
749
6041
848
3776
887
8415
4901
4975
7263
7258
1522
8808
907
7312
409
2061
6002
319
1121
6919
2146
8425
1637
2066
7192
7563
6882
4366
4900
1833
9224
8320
7857
1047
5920
4209
8738
7439
8100
5140
4684
6271
2602
3779
9672
6540
390
9688
7097
7427
5261
7023
7083
6078
7264
2976
3359
1729
7609
2894
3913
5817
7928
5942
873
9763
8389
1333
8407
2964
611
3452
8208
7012
7753
8925
9804
3216
6956
4237
6947
1080
4180
938
7111
3408
9627
3723
8780
9814
7944
2947
489
969
6628
6271
8973
6227
9448
1438
338
622
569
3141
3426
686
2777
6577
4223
7623
262
1723
4962
4717
2369
3979
9339
8877
5080
2242
9318
6750
7830
6012
5627
3434
9916
1707
7118
2471
1507
9621
7285
6634
4470
2533
8101
3901
2860
7252
7233
5175
94
9007
8827
7479
9918
5721
5054
1187
9261
7173
1617
4719
6503
8839
8110
3269
4229
3826
8087
7558
611
2752
3771
1700
7724
1519
4938
450
5545
2073
2512
9033
491
8617
7048
2415
7079
5315
6963
6413
4574
9237
7206
8742
8624
863
2826
4326
630
3546
2218
1058
9815
8452
8546
1239
458
6832
4354
8085
2305
333
9213
4819
1181
5087
6283
644
1530
1195
5577
989
5657
3865
7325
7507
9507
7482
3470
3268
9201
8525
2166
6034
8139
8115
7941
495
2435
4621
4994
7842
9024
7763
9094
2257
8182
6562
9590
8433
8287
1455
1561
5413
721
5171
9742
8491
8566
8509
3106
7398
4508
8989
9450
2015
2845
7822
8024
6088
642
5762
4965
5942
4690
9170
3834
4648
2699
6351
4609
9417
1103
1924
7892
4703
5803
1877
4021
1259
7699
6974
9173
3869
4640
7231
5787
8455
3920
3532
3585
2866
8994
6754
953
9864
8941
6844
9072
7156
1271
3744
5424
6895
1142
2631
6955
7649
1598
8498
4489
992
8550
6731
7751
3902
1570
7532
2478
7666
9492
942
8797
89
2725
8784
5019
5976
744
8364
4902
4866
2472
1279
9035
1407
53
7363
6889
6956
7569
2628
7170
9664
4826
1100
4400
448
1847
2352
3498
420
2118
5551
412
287
4501
6142
2659
2635
8947
5063
4685
3928
8085
3763
2757
3712
7491
662
9686
465
1472
7669
7241
7095
3670
4709
986
2551
8681
6957
4456
2933
4693
4193
6910
4073
2996
6026
5589
2548
9516
8901
5167
5904
7640
3531
4184
3275
7370
5983
6714
1422
997
2412
4430
4752
3890
1671
8044
5992
1057
2785
3202
1810
2914
7659
5370
245
8529
8796
8112
1477
4505
605
1320
178
1185
4473
8735
6850
774
4113
5331
6025
8168
5352
3285
9238
6495
500
7778
9651
3756
901
5300
1042
8069
2070
468
7360
8100
1565
3930
8700
1467
3744
148
4083
3240
4611
1254
5434
1485
6369
3532
8703
1452
3838
2741
7769
8037
5836
4452
1456
7826
6952
4385
1344
2820
3525
470
9477
6863
2395
8128
5429
2953
2875
7777
9907
8321
3931
4029
1344
4892
1943
4903
2501
8554
6904
6630
6443
1748
4973
7223
781
6361
4180
1158
4988
6807
8621
5809
8815
7380
1088
5403
6944
948
7280
3938
1209
4422
5314
6161
2277
2642
9034
6232
1113
6447
5930
2998
2062
1036
1078
4199
6667
5442
8748
8937
7062
7673
8088
2005
881
7501
6380
9064
3673
3399
4078
338
5270
367
9715
4450
168
3096
8353
6086
8688
6650
7083
5526
9700
2031
5370
7696
1150
769
497
3619
7728
3567
6864
4028
2716
479
9299
215
2425
3756
1209
8786
7095
9656
4420
3216
7660
6122
6241
7831
1338
5138
627
6833
5845
3729
3150
6628
5254
1308
4643
5515
8018
3985
8285
1447
8836
4318
4201
3144
228
9367
9947
933
7962
1229
5289
8665
5572
267
4501
4179
2351
8314
9669
7526
8841
3849
5931
4274
3035
6004
6552
5910
2762
4450
4295
2990
3993
2145
3974
3849
1236
5179
1825
3990
7100
401
6235
5733
5800
9299
9322
1751
2353
8559
7928
2829
5092
1164
519
9135
7129
6486
8792
9783
1488
1839
7976
5318
6787
1733
4322
8505
8906
6045
9176
2270
2314
1149
4111
64
4775
1435
3545
8679
1568
4096
878
1620
8140
1777
7156
4764
5957
3668
7592
6875
8988
9975
9031
4142
3893
1492
692
5561
9794
271
9986
7453
7329
4441
5351
6654
2421
2212
8215
6429
8154
2284
6204
8976
3031
6687
5051
7407
4217
3597
4798
2662
8363
7874
1673
9040
8803
9776
4781
5019
3121
1022
3237
2987
866
5226
4654
7696
1788
1703
4960
845
8249
673
6484
149
422
3829
2594
8863
2058
9464
1945
4892
805
7465
102
8108
7613
4186
1085
507
4540
916
5495
3467
8123
4838
2223
6435
7337
7202
9933
6270
9552
373
1788
5478
7510
7964
7049
1735
9057
4407
601
705
5870
8272
6162
7145
4941
7510
5229
7200
8131
6074
7063
4277
1175
4928
8349
8722
1953
1543
993
313
9772
9992
6358
4797
6220
9055
7560
3021
6452
5328
3950
8435
9174
2509
168
7310
2031
1464
9427
5209
524
401
4418
9674
804
5975
9181
9903
5134
2463
1556
7834
7737
1253
266
778
8342
252
7300
5624
1058
1541
5350
2698
6226
6356
5535
530
4368
608
4013
6687
5006
7347
9733
7647
2325
7660
4682
2880
2105
7590
4317
9843
1683
1165
4960
4461
8943
5086
6549
4119
1905
5120
8956
9099
4882
8748
9939
1746
4249
1409
9682
6179
7081
9915
1640
3511
9000
9617
7949
7361
2767
1688
2978
1585
956
3075
7520
2638
585
4447
7187
2332
806
840
8994
2908
2721
5012
4605
8844
8082
3953
1542
230
9569
5479
6990
7069
4755
2782
3543
4117
9302
3973
1620
997
755
3611
745
4754
313
8083
5239
2453
3693
5963
2701
2518
9090
5673
3229
8684
7952
3853
5905
9501
9898
9434
9684
5080
7479
4577
6438
7140
5164
6182
1154
8339
3642
3179
7474
1921
6932
5612
4071
1943
9002
3855
2691
8606
1389
9906
5164
5054
8945
4239
1396
9398
7320
3659
6260
3007
447
932
3572
1823
8311
923
6127
1071
8655
7748
7707
6988
2243
2825
9668
2684
1963
6082
9075
8820
9461
4311
8296
1537
3448
8112
7879
1516
3079
84
8588
849
2128
3406
2921
4984
3013
2872
5623
6742
6954
3664
8554
4135
2070
1424
6861
3776
8067
5995
6258
4575
1476
4580
266
9991
4682
5906
4800
8630
2507
62
6696
7804
2798
3038
4362
7981
5251
2721
2227
9783
2022
6572
6305
5310
5806
881
7851
7324
1521
3361
8983
2565
1340
1933
9914
66
6405
3023
2549
2106
4153
6036
8292
150
843
5591
2443
1297
7769
5803
2577
7214
543
1148
3202
3313
4554
8037
8112
3489
9535
6580
9457
6052
9361
5940
675
7120
1382
2723
7142
4569
8245
6333
9158
8267
8063
2619
8256
4473
4976
6231
7845
8317
4487
4860
1851
7547
4359
5358
3860
5149
2951
6428
7140
9413
5734
1737
6875
9159
4558
2055
4348
8897
9472
8886
7379
541
4358
2968
5147
364
7944
2513
9017
7980
4276
1467
9151
4996
5048
3372
5585
8779
9669
2732
269
3005
6077
1119
7481
5386
628
3657
1552
2940
5681
7503
649
9526
9788
6743
9502
1128
1342
404
7500
8475
7494
7758
4981
5433
7635
3359
2548
8666
5534
8537
4339
6968
8128
4408
2202
4892
7870
5488
9501
3458
9202
7970
2264
9110
5604
6860
139
3144
2279
2333
3329
4526
1804
7442
7920
6841
6282
6324
8433
5331
5638
9145
4894
3087
6840
648
9515
8406
2362
5432
3093
6776
4663
2020
454
1987
5776
6314
4967
6240
4971
617
5155
6442
720
3089
7170
8015
8755
5565
8197
8631
9615
5544
1942
11
7682
1278
201
8513
3727
5954
4890
9587
1900
1528
4107
8715
6062
1037
5723
7045
8101
4630
9750
7148
6551
9930
6999
1829
5190
6984
5781
2988
7205
340
7582
887
4689
7274
6518
6561
8422
428
8545
6185
9918
2387
8196
6157
3141
2216
5411
4405
8311
9863
9416
6581
927
5400
6903
571
7451
365
5247
8542
6013
5582
2464
3604
2456
7753
5919
1781
3218
5403
181
5148
7339
3162
3577
4417
5228
2306
2979
2110
5604
3801
4837
3538
5372
5013
4237
728
3353
176
9149
2756
5993
5901
1555
1139
50
8190
6670
8999
2181
2386
1636
3429
2178
4578
6027
8002
2982
975
9794
3067
766
5307
2530
669
557
5660
6810
6159
1553
1205
3388
4768
328
1857
4656
725
1087
1188
2552
1490
8462
9169
5641
2540
4216
9184
2243
1378
4664
6836
2755
7650
9077
3492
9026
3208
1895
1927
9931
8643
6308
1896
559
1773
6799
2339
1718
5480
1775
1492
6110
6219
2299
6289
9577
9366
5885
762
6145
8754
9213
6007
8301
900
7976
240
7378
1011
5719
7693
9717
8242
9416
6909
3828
5384
7549
3946
9553
1736
4770
9939
9268
445
6127
5205
2716
7678
5366
2355
7779
992
8217
1720
3134
7505
1654
1929
6168
4561
8826
4271
3748
5104
1732
5538
5475
1826
3390
5012
5535
3620
5809
36
1721
7334
397
4899
8934
1316
1206
8666
3286
991
5003
7202
7403
2468
1457
200
5769
8450
9785
1538
4059
8364
6008
9616
6773
2321
6799
3211
4268
2172
5637
5715
8371
7168
8949
4193
9516
7973
9681
3139
2619
2069
9123
4922
4854
1177
8937
8275
7744
7031
2595
9457
513
451
2809
367
9109
418
8247
1864
8149
4607
2564
6290
269
7083
7054
5484
9823
7198
6072
6865
7255
5649
1616
929
7706
3742
9814
8225
8292
3389
5672
1322
7445
5950
9617
6423
1929
6486
3642
614
1409
6509
9629
8874
7787
4838
1401
1826
154
3187
4726
3151
2704
1903
7147
5106
1045
4178
2935
5979
5804
8362
7450
2111
6570
3392
3729
9438
2410
303
230
7224
1372
1446
2809
138
1308
4615
3076
5878
9439
5253
6519
3652
8189
3072
7948
339
3822
5725
9142
9539
5581
9686
5287
6678
7568
2852
2066
869
2774
3556
5509
225
8464
6097
6072
7966
443
8585
1765
7289
6373
8928
7911
3633
1479
7760
2725
786
7126
3523
9981
6260
2304
882
306
7217
6514
5444
277
7988
1855
7141
8411
6040
8394
3531
902
77
6670
7176
1874
3568
9672
2428
2726
5714
1569
1723
932
6986
3242
2333
5431
3027
4116
2810
8814
3143
7295
7939
8989
7690
6306
8692
7856
4585
4214
5803
1737
1200
8957
9576
8042
839
7355
3490
4241
1819
54
7231
1716
8660
3912
7516
9387
4418
7362
1212
864
8222
3645
9445
7755
3994
1516
8007
6186
2539
2845
3360
1758
5287
4059
5767
1336
6222
4115
4091
8297
5574
4
7313
7100
4885
4887
8120
9500
6603
3345
7273
7565
3495
3097
2560
526
7373
979
1099
5007
7215
2159
8445
4879
6273
9946
7133
6242
4057
4446
9290
8861
732
4333
7258
2409
6939
281
7036
7935
1667
9604
8821
8555
2188
9267
9906
4755
2069
9777
2695
471
5588
4609
563
6970
5488
4620
4749
4973
7083
5836
3667
7911
2224
2368
4812
4220
8393
7440
7862
5644
7814
4494
2418
6848
9175
3407
9038
9468
6478
9498
1445
9786
2053
9778
6922
2750
7433
1062
739
8236
4503
7162
2401
1947
716
6438
9972
4722
6936
8739
9566
2507
345
5194
4191
9419
8840
3806
5853
8636
5549
5143
6595
8558
5756
9606
1431
4931
7657
8042
4115
5372
1194
467
5755
8536
8459
9410
4391
4604
5515
8587
8144
3490
1100
6070
8673
8580
7736
7016
1034
7665
2596
7032
8883
2387
5527
4492
2379
7618
7175
5088
6077
521
3854
2824
607
7894
3793
4590
4872
4018
6120
8151
2585
2319
8469
3588
9400
5454
6626
9919
3498
4457
6470
1978
3469
8124
1143
320
8077
2971
8718
8450
927
3291
3721
3394
2621
1820
6535
9861
7570
5478
6857
8263
5669
4134
5230
2174
6930
8326
1995
3011
8148
4503
2731
6103
3153
2441
3653
6225
4920
7617
9133
8992
2586
3087
7824
8359
5017
7600
7461
2204
9572
241
4650
4453
4564
6358
3129
4996
6464
3333
8147
3255
9636
2571
16
77
6282
392
7680
5552
2916
9131
7109
5291
4994
6104
9016
4100
5890
9734
3506
35
6423
958
1751
4250
222
7289
1882
7171
7783
1053
4095
8896
5459
1480
7492
1022
9292
4859
4134
6971
477
5319
3343
2418
7906
7510
7286
4266
9490
1443
5449
7155
7896
8133
9541
4436
9062
5977
2519
6802
1702
9460
6203
1892
4812
9483
2972
2121
6796
7934
1318
5112
6854
3704
2756
6410
8891
2659
5900
6595
9942
8800
1756
8296
3373
4789
8480
712
4671
3973
3652
2675
5025
9667
6468
2197
2604
3114
1726
9442
1031
5492
5340
8805
3312
3856
4496
8703
3192
132
9316
5029
451
8356
8220
3980
8517
8230
3627
2480
1097
7243
7869
8982
7618
8924
9878
1071
7534
6207
1036
6853
4859
5594
9328
1535
2047
9068
1214
2976
7695
6641
8701
6692
3921
1007
9155
2521
6853
6661
3468
3368
9044
8880
1503
5254
9563
3472
2318
3867
3854
5824
9787
7026
7501
2887
3866
1849
1075
9525
2640
9812
250
9233
489
1602
3180
9864
8144
3889
1475
6730
6293
5208
2051
5323
2285
6559
6654
8624
7458
5342
725
7313
2900
2308
1019
5368
4985
3570
392
6051
3307
3105
7701
3845
1710
3587
9657
3619
6464
4957
588
8304
968
6826
7965
1837
1963
16
4160
6001
9323
7400
6372
3202
9716
8776
7913
205
1279
1258
2833
7428
6761
2443
840
8039
4536
7201
4701
8078
101
4462
8537
2105
9129
1716
9554
1833
9374
1993
5711
8652
401
886
3921
5429
3919
1800
1373
9467
4680
3202
6496
162
3081
8653
9684
3871
661
2701
7712
9532
8416
598
8906
3417
8365
5407
8855
3239
9310
5026
6114
3820
4898
928
9769
7360
5409
2257
4471
9407
3490
173
285
8432
9679
4204
7787
2859
1711
3713
2172
4376
1719
6834
9908
1181
8115
2408
5685
3634
8795
1527
3543
2285
1161
6803
1923
1237
623
9831
9464
9427
2590
2404
1578
1923
4134
8412
2972
5478
2974
5085
2241
4132
9199
3398
3737
7956
808
8794
2252
4610
7610
7806
3804
4264
1968
2690
8934
457
8829
336
7753
2810
3482
1294
7604
8949
5848
220
3236
7254
7076
1153
3064
8805
5375
8851
6017
6061
3652
6905
9938
122
8489
2227
7091
8818
1321
9681
619
6980
8577
1474
1911
3059
7499
3635
2673
3295
7621
9872
2544
741
9606
8288
2016
9000
6475
7773
5971
1322
3316
6252
5734
1440
3062
6818
3360
3419
2215
7691
3262
9819
2060
1034
8406
3658
3929
5491
3768
9195
9935
4075
8508
1421
7174
4228
7695
1954
9315
8434
4102
7249
6063
3950
190
6141
8449
2756
8094
5416
8926
7488
5414
1880
119
361
1799
6585
3286
7497
7796
7211
3675
9906
7737
9148
5393
7124
3715
3924
2271
4650
3760
5356
9179
3773
4025
7078
498
4081
215
9940
8952
7402
1843
3548
487
4459
6982
2025
8674
8943
5419
4545
8669
9929
7503
9547
4200
369
3705
8823
4711
9450
3880
1454
1649
6675
5386
781
1760
2541
5518
3124
5851
2829
9513
5880
1014
9210
8051
7943
1498
8533
3266
3377
7269
8759
132
5625
7289
4635
6449
1243
6664
7706
4875
7414
9522
5291
8810
6193
4777
8041
965
7313
2450
8321
4813
2174
124
658
2930
5294
6645
9431
5848
2243
4495
7015
825
8118
3323
2097
8385
2150
6507
6797
3626
5811
3940
8861
9834
6658
5194
7428
8362
1788
9099
9436
4771
3636
2322
9155
1008
9836
5786
5662
1945
8456
92
2609
3426
8273
405
5787
7011
4044
2998
703
5984
644
5659
893
9460
5972
4524
3533
3960
4702
5054
6300
9837
2323
4928
8682
5161
4202
4364
5811
8899
8098
5204
2449
3633
1527
9248
1360
687
6282
8318
6490
6585
3295
8794
897
5100
8710
4682
6365
1878
6652
1012
6114
6854
5656
5697
6890
7080
7661
8998
9225
6747
6176
5156
5281
5176
7133
3119
7771
2908
263
2362
1387
2489
739
3139
1003
5933
8494
8079
1352
9315
1544
7211
5669
3402
8287
4596
1357
6923
3719
1619
3517
9724
5601
1804
4585
6175
4750
5514
9998
5348
4593
5217
5176
8203
2658
6007
7753
1846
4856
8046
3098
7382
3908
1093
7433
5493
8099
7226
5498
9948
3291
7666
4837
8257
6073
